69349164755586
74292209685467
95767341990270
45316044865805
14282820134978
81552035431512
217396158986
83743033706410
40467480983875
89683913036530
34406391711067
56117060367686
71474977705393
58345356828032
79269235664598
96971613521861
79648006221116
62950022846591
73327320803520
68276229892794
27496107347876
75905747301593
5985621606592
54366257820376
48800892561786
68325557871806
47012473981809
42400196160392
33207117950694
51500644747372
15584563358673
88126517979204
25646837652815
58687093729050
7850789494825
78347009397907
31552094032366
4183486761164
66353184245434
70512142908475
74788542881179
20707153719115
41481543903122
61637688687614
57398378691913
4827592959328
64294082943342
35005391547725
78786016903254
21271425715322
28951064090115
92914887573315
70624962680300
14028714082038
10877559399761
77947354354342
90845855636046
89377386834806
23735889254130
71542052982297
66172887342371
36211478893458
79893644467890
64214393673976
29183583566970
80005873355943
46791437183326
13976644833776
46546714953951
41395082956648
26737278078480
59372022461163
30676756902670
73147064116976
12450423229581
82707579369309
33294119223890
97072395243577
82570283899815
41752831785044
94721161703203
88472234046259
80057535726117
67525384978996
21620382156280
65077781179846
80368409654929
96484275798384
17184084292754
8592470079639
37963350079777
87510798429522
94198608780707
74286252458394
88203573443108
85470173930456
7680343489668
85638928851966
931254953070
64227475010035
90436990874939
80049578241340
45674430438974
13198639099986
73606981499749
42420494876361
24857737402364
50774453740254
48669215640810
50573935721758
81336462418059
92721848203642
12021614109500
47227228151524
19250210536109
16131152706277
52542493096136
79374329808713
2297877943713
79609544268326
44192535235384
73454895707336
13997733911612
49424381378539
16408253504805
67427564557055
65348064855521
70091988003687
36616553386303
4459660600425
49937460887002
82778991347355
80557715110865
8742891482712
58890827622211
45978665018743
36444314280422
62947980153492
72685706156382
75370363977063
47482486915944
7885661950554
11815472373452
66539533417473
53683864911950
79187784069906
67609695497864
88474593757367
2721395988468
2320315695482
32224473670927
60105111979039
22509267420153
58028249184621
88508186321163
40286837866144
20035572080780
60672934095145
68411008539141
89568935467364
46761288171968
79386994639476
38778573241681
38552017487548
23676960738051
80964709460016
5524311169735
56606414733067
8812494257704
74709216448762
72822016993593
7303805632756
69711195886021
30969357887463
1738112492152
25217938629493
7772643243010
73680254761572
48140840076685
90835296522098
28381916235376
63296153307050
97554268175968
35838774211601
5597448695480
82521124845722
6263734884616
27672717465547
67581912317715
43742619141749
58566067837606
45422584941704
18515071220069
80318369035641
63205881222955
58213162185805
13712569248623
12033269090812
28511315944641
43140604680224
86327582583095
45535778520278
69549735679603
3075706852857
78822203122764
14335423446114
48468596350920
62507776414945
94439143858820
87481772674131
97036930608506
64447986819113
56660778845720
24536894966623
74377152623403
9348811324783
42633041725394
39278894701153
38410617578034
95565528507963
87385284790938
28396675987947
90794910480162
95428221938282
69400561897673
49844315016419
1643640948212
18477596410023
8232626208028
43686588539551
69943703244462
9702790436288
28093542004245
29213031648538
28858379573867
34538228267271
34569621935732
40992533055689
33506586576381
60485936817061
41851770260417
55061451647770
39468095931775
20378857379743
5464651230821
33462513305370
13026143360525
64891810470753
38916978001842
88341144577276
93860526210596
63666313773311
61709518106878
7649963254768
47176961439291
74638212489205
84103289919504
41413482261001
73966665221318
361737308922
80891495924231
47095492608659
92237030059532
85967397467880
20622859144385
36298885091316
51160110754086
98920179023243
4851214088190
25300685089669
14371229137560
26347874825497
52628593442735
69471483296928
81933540326285
24829788127149
70658047721162
26822567466900
72089294273699
26725038396110
92653370031252
61274101543662
3734507992414
22210094419279
66216435889706
35434112701462
38452131672248
31496518823870
29664928350678
45485485242079
96811735235862
39854455734643
76624365585584
84298644036046
43606112444479
13794516909778
78016423079695
29943093723576
94825160426987
16625254258361
94502798752672
19378050300567
13088488821400
82660074192126
74832438204190
13864304934683
58772280158690
77404188059747
95871642983312
47666260651409
44760670204343
30804290962749
44982463749433
61157540083103
20816098120498
96395637875923
50068163574653
78567846002362
72608362320725
85761103042796
16205153416646
51631593249577
59664599271197
35682793106290
17511491909557
64878000909047
63146565311941
22114465750383
65497027139465
8767956455093
40790672226016
12658485886982
8007158576429
86627552546827
63399772051767
36906674373714
36262079595498
90825927765781
41864848820660
44727288398344
96391404544662
34630379921934
18661565416185
56818245780714
23734532999477
34658338722878
34378235203024
59558189033126
45082649122519
44116905352582
47267019393020
38270625679021
76010618593848
49051712001184
42665323433528
69148464714792
80157147751744
57629632897363
95584376851542
38397948817992
43644072752953
48585385468367
2235633787369
90728379260119
12520253674505
31588196986956
94491634295178
50633374261663
39047956549192
91904163118625
79382661999175
73336620257837
40465115335886
71378679460355
87100067385715
67610260545727
69896758405854
86748251734828
1050815421310
75981341645071
11029967232977
55464993358672
35375116315661
98622992010428
4205332856815
21850170419530
89049495138854
63709025586232
49146858706275
58986107545175
94699275004980
41926445986234
16591758756760
11308742293263
67037873268707
53065624601719
37601180872825
63384957151278
49949846283707
95883831262469
63910186550996
24010433819967
59852708784869
25894483339998
15114304103087
11610239896047
3363587286382
25198731930919
18942780513060
9728607779770
8591472043068
49772358222907
58580302080358
38472828852122
46960201456478
92456093664711
38546597763456
88934723035138
93675024553181
34240296978078
43846015252383
85202529791236
84343348432366
77228594071023
27872564122992
47604437158604
34880693960521
77596434245557
20264132085747
82739429123890
7530403796724
40842030946777
52106602735747
72865105450221
93374453064572
70422276454769
29500866826266
69692761441790
14964360410651
54927860536053
52440270035863
85508284443148
62866462022877
90702447741095
90258257737531
40539539803159
99163977358196
26356341515422
91580186186857
6774965040191
79563392281476
96606130360451
89660021632605
53303244661624
11702157263456
98490102333909
90821380645511
59037741046849
86374097761865
48261319998121
41768602244170
36720014729810
71451365460545
22086526654516
40926558820244
57898649466151
82538814265092
30479906852444
48832197747636
89129162626174
19313290209990
42014738001849
18152542292877
77485650971615
35413937247579
71955968704155
9890554046094
80231652573681
25678900018043
27169967748004
11554661619648
98066716861214
84046936175938
33007570666925
6515782562500
53321939753500
81523041180950
50228040010188
16932059888665
33065587443577
49231957412631
80412538477963
52267171453759
60336937107560
12386466784076
44195060761965
26550362245349
45364526383428
64706255654817
97355912062351
77811597709392
37365585979752
47638864805472
30824404709377
5703992803625
23395471028925
18638619424564
67146083818789
70366350906285
52948022885550
60311938005852
95342409014248
71944415415861
45265725394930
45685502346629
9222312579943
72549264117031
39008129348020
25092036123897
40827603171949
31081965764986
49757737896062
49728648425435
12729113209065
15474618655569
52776940806334
6247679861227
9285383447670
73076486931124
29087894319589
63323581153236
57660642017999
27951828200261
20022517282512
80332428129660
82285397555501
88771354102267
15450492254709
34022758227613
85151687761662
45469398063987
5107392405898
12772641431630
16549770948466
25156054116760
17492407513324
28071044336392
28071537522348
67656289882155
60226201679274
38523774285963
19414224078486
67169041806262
72844177872405
86219361145586
59379160728989
90863349515974
14214609790945
70373992717156
51702144971924
98626222831531
38482049983746
26518318291782
68949732483942
11738782747462
66286439723339
97851957171597
81672841471941
16276541616697
28527699748623
99511406362183
85027798873035
77952638724276
89205845272688
78460344746022
94778911314197
97301962337203
3192873115863
8507781427602
57102577701917
18792480307732
22541213829362
35341865925246
86200376111147
85956371030788
82394573640558
32181392913116
75672290965236
23809208681124
4833492901805
78135669783821
57299794475145
3159634432472
92996663969840
79195127107453
20490945236896
59260528354195
6294481862873
88376588715047
41083268456490
44853169661538
87028032702102
9802791388119
89125855955117
90570560700726
24844862993523
43608348083802
5487858266023
91132709375536
89634651308988
45611166943550
64736730175309
60541941575202
71092058618530
62990044377292
28760200519966
78497239760462
29765610359020
53011979998887
50274657138002
28493855614753
64073853197460
64457664386188
20155557054094
94470482975816
23737439326263
27123773578735
68032010616671
13796411899609
73820797625703
33860201812635
21721946671724
36576116982174
31113539789921
22735943351031
45627306904637
63095640024198
19454277997636
26907906624395
82086208520583
69013236280345
31394961387402
16164929799864
12218469318825
1411445164401
33928671681580
8471924181689
67620937497643
64569399030887
66510265943584
89442516788674
81280265899361
72947925271015
73946066761641
89896340944336
27991039911080
93503176097131
35896433134791
75480364419424
12974228194433
96653092352684
73761079563339
52464883088179
61451702975790
86533950779419
70183637770905
52410243273494
92494995134826
68702136629641
3087502082989
38234096812058
72489601268925
44661297739663
92384414075385
34571882296488
93971324440018
25332844761011
77462524981905
95342559953342
4700915900692
39251038156432
39944659757418
30412382312929
4263871332485
21311059131516
91847876652796
73386256935392
45802454045093
74162731780040
35915599430820
5286697089037
17079343109618
49560293593308
8553390488877
96542974370343
1933428317182
87284676035714
86463257453189
53195270006963
83625234408544
58721056323715
62889728902950
67939849075465
54202885920982
77283057248156
18992932097292
70745988458868
84620265904852
56969204667655
45450301064133
19537667311680
65025588226451
4014898892127
3123995862872
2321062374858
82314601887323
26716888860000
61396213819715
38134060614118
21381287277732
59926478254996
10468968776746
69960115737534
54455614550015
44252540951008
86226436720876
32902259501311
73055663622591
94592365348481
8194670471500
91523433195442
98264615384799
42005217882508
73846822409805
92606467926492
39774396383221
87557513750119
54191621230271
80342026580466
54856597508869
25526180996768
62632494202739
78279405907541
38711361647878
7217744524697
12083722484300
51966251469207
18822960187997
51773605361588
14431384644687
40310107967294
52050633944269
79229265047212
42677561637718
52006560721454
51836978089405
18007138988241
51527610005505
67602644371455
49488696450833
46720890739352
24883847187977
48859716122578
88478687081278
87557935634807
66962587662723
63336868069906
57088797232466
41755291648042
98426884868572
19363744036935
74161359046925
37801293843797
86434344690028
86926651618769
79091511610773
85205419661905
48129821706353
52251733050863
13757062480398
55535989533966
12850441699102
1895372810581
56227856237618
13531193385882
76252903247952
59381927353768
33929017168968
55737758972644
79591428101389
79631371852992
50576759932855
46463512557627
78870685395865
21053817392287
51255362694405
9865543870094
18792774996569
71928546403366
9109785571108
41223137992179
46270964645672
62774430463631
174736000513
49737254210599
87087211186183
32212460620828
28622245634532
63701672075637
20488002704155
70644526704868
26835225209613
78295503820642
56747328055207
1891906636040
55308874816474
74909542605902
34775078631408
17730568202851
71415503993537
81507992902868
17996352829337
11182783580043
29463004570502
38707718114489
6465734105428
3051772107394
40743028108620
7788430791096
1607322808205
52537374229759
80707870715520
25367436167152
48541911402773
34674720313749
42273933725870
41789998391819
84243509553702
17969373676412
72570128735527
91553425863147
14168196587915
80644928565367
19724178874813
19413241142451
61518639969888
75788581317171
70608540575871
74066763245117
44815325244584
61451490165232
57170741139540
69935476775919
79429489336330
86893132139993
34299754690998
16574504776073
12368696935394
77228162883011
68831174552036
22734030798313
78775880726839
9825484144209
37993886768043
70144802571392
31930106996292
43492517698257
97365063645462
2384263567006
68195422886097
44054659746361
43637045768252
81595730534196
12677201955786
32341976227956
54872627166344
34697944519835
41257545560391
14972338730175
28564260114232
48819095465261
48951718922525
32877127930055
75084483894284
9593183212100
10176613759476
22370150184287
62186663235889
10215412221004
35897013410380
53499200533377
86173081470705
12924656456527
35945011793027
82098575555275
23375440191448
76668910114802
70199322188095
82033097941780
73236347513432
36178740739196
86385185487245
9571428386764
36856085005148
24337236792129
50794529421151
16846967184119
66647649364954
80197721088732
47111773880646
75659985478274
59711464300089
99665883268445
47243678557742
43326785057048
98237223605765
88749230200200
1836102303820
37524387350658
95897885308150
48317952824718
68418923935504
78808775299595
60587646466199
25962254800252
17012059365726
1898066171961
27295648744313
67119617899007
51901432290625
53573313263110
284709941586
53113916586087
33796721004289
58861150282093
62644607707208
50252819226932
61084434787430
19802914030559
59254430105833
99112148563538
67648912640120
73242818139644
44388042134784
24472338573553
30326975733637
77890769208137
21129850142160
73487759498661
28918686019925
71448761603364
65660654368852
25979947917876
3432289984890
94806008410602
45920080183510
33309175272420
4571830908479
51588623787211
66615143344466
51493442995860
61649614961006
600023830258
6767418480214
19871359782024
72030777913
6558235629077
11129154947403
98185952213485
71352687362248
89976751160702
59980057991577
90667547226049
65071668092940
49151171457924
46472272604466
83391455665603
635210449331
95089454069637
41658022312512
53120495876551
60134087364891
23877856552654
42371182396010
50388087036272
36732775963050
86469674568086
94514947079944
32751400018465
13948877090627
39841878839144
37677246401478
26511865363972
54422728078744
96197288931667
98213636435307
45193876063401
6993950633717
53425051016573
824165647047
