97566318705817
29517801867808
61149785928892
52109504684926
3076067508716
92098288590350
5520522910002
28563646595494
62266830475112
97574490037896
4587345411178
85713941959694
50569413435736
54560181124523
36351384193334
66722185915913
74964062550159
46673907364981
70690169061726
40462844196410
26402977498946
59066924410415
37845773422413
55156396744536
58773080444938
72652175169646
74907871771881
83444212708020
76263293212328
15381751588350
30882369679871
82548547364748
52182935485759
39797127069798
43676083826737
40642774845237
21774597830946
33371489285946
48988327034306
56292698660757
26828695044217
37677422733107
69923554255928
66838192004238
15112470537001
27237187961658
76400213314896
73600457513875
69448257604986
36500299415666
62088119961245
78220299828320
56305974502404
66902061096956
15504171868612
89798787161824
7831296325461
6808893569135
93893522315253
74778952360059
76000994427425
42233883443311
59060510651832
46387983931576
23562177465667
22489336292619
80944380726568
96649964794027
58044146108577
65644549378441
37674454843756
57064367495549
22973118528487
15431427556614
84894354721976
84790289664304
54340212626413
32092144001171
36339393020030
88048411072311
2055286490581
44046959144312
25864634791575
78525329026820
57252126809926
82178643822727
41570279249524
98584273928621
27435578250121
86745891767332
86553071837354
29833923932547
81055593575339
83189078746996
17482606161305
26588548133270
45102536447311
27881923432631
21090959936704
75514626748380
41677866647232
83188979236857
75640358691125
7469174384917
99952504316109
1473742745389
18188601312032
77449136860379
77052153766468
74339825685933
33143504572946
70149287140104
64951765174402
59201441501599
63737306434736
52130470362863
37562763621089
68983208346856
81428632169091
80038752150059
42205240597594
33264705598063
21634490576639
70045660105857
60981779368469
81243166301621
26904076461850
7491974305849
38335244036856
9158940499770
46054538486895
65825754373066
40195298514739
1557293964506
63791163977654
80606725699421
60413684298028
58698348249381
24270602295219
11443779754976
31416677393923
47243447407449
8866224573651
81351567077547
90143914104628
37617588314992
76124174423352
90653435199511
38451121998970
47368859817253
60270555271758
8860049299018
53956708040098
86196038421136
15887252250615
35506414025651
54686625489374
66326494188493
9679959957611
88074764886009
12724995898518
37478183440967
77189209663900
11921174033815
31182338841449
59723133161176
40046859921463
41391340452557
80209066177275
81372299017284
57033403757474
2810331350947
30526543599118
39863301406035
22163454398997
78826418730428
99343644165330
18867720090182
11159091143487
66283795596499
42194175358636
40192830043983
57553790058177
94344935910353
78824996483811
66710874960916
49250311272672
42650278435174
62634395959615
17394039597330
81979870996772
49766851813378
52296512776879
88951747544408
96815455481668
36840267263077
31215943485359
84528796151108
58577971566741
89149238264444
50466258673558
36319057327976
50598950749237
61939033117909
51521639180640
24969094192206
13723216748983
12049002826502
19805154064841
66453022028732
21930813514424
96484364598078
10697905105543
32480181294892
44382328995785
54333067166643
90629631163020
68554578607831
47859055760188
81987021171233
11081470691342
77889600472582
29194762662230
67122412073112
11343605105681
61904117418988
95966462191561
57760054636873
88855401418486
69536135455604
75015896483424
23937488435721
90713156715245
25504379837653
29725957036534
57031363700659
3305174784744
75160157206586
49988420633554
68008851685684
41560634675286
75964667660984
66385487615454
50193210402433
90017751822125
9383737701603
9494373211187
50857413934884
24631645540094
72821423337643
55559963279414
47051054552212
97752219233093
3123961609281
39774913514458
71194076951860
16291046260987
40099818380285
52512553254394
94983379566791
71569890812159
10664774131026
41342764706814
59553728823987
19955632322172
36929422852867
75791329752565
73855650111384
35661184196560
94708885812781
64073022254550
94424835038922
68670740282211
76238103563529
99925592432171
66980488316642
23469202930959
89527330432022
69356267119699
42649066474704
29680255044062
75258314143277
70408211248881
30875563139589
21818032195713
17735106875172
41850314495992
29984606218903
94704207582680
76782729850387
83143271424300
20469194818071
51724314120645
3869437372668
59649050022827
30402501008760
8935591192800
65033242784923
68173192248459
9151774598557
37014544314309
35722712350077
8629148474747
99258536447520
1748201783232
61787091980159
61419907653400
28460507882158
40864977798691
34408776867464
2144224854827
35528982826025
68567284711172
88534940684054
87663767869290
36005474595218
69184206006954
30975633844604
93792530889122
64579762094279
88027899613191
47102644763616
76354704795983
9992215853508
40557828962900
34020787907936
58547914044081
85470168201156
51911627437940
29913494743491
88376531236069
99649723405234
69349435026424
32363727157556
69310596111974
39061286317018
66042438789930
93088210262160
68837859383830
34089582964193
18467617971215
92790807834062
56079935723084
68619531600338
2224510218693
69588007482548
20124153200031
64628419997066
87654049894349
61120642261164
86189163385597
76055452721900
77051030347683
37892781513477
31280396032134
86890850885169
9998404889417
48742055930297
94702013892672
89383373321937
48565544847184
54939332029465
68384695708581
12188708035448
58126429322373
73647378192763
61717113585235
2490732037452
48196636516313
21608222253753
22471760622760
30854045217542
57601856847972
80439276734262
14919122666886
73434003418615
82879890894829
53324503048384
44951432050912
13293300021109
94405223360918
4172455011923
46549018011128
31870126833909
66197369194315
23860614454235
61726311835602
51351934389151
18865889929936
66578994881518
79252974985117
80068719509367
19640213201530
97557162978186
37149620095926
25740378621297
45280365062978
872445502916
84188336276370
1340336958513
48057244702465
15329290209189
32450911313028
21674260409325
82554821192394
23651627051660
76183650444128
73075147311103
50843926818940
95923223908983
60822155704251
65038859481119
15419624317520
7654811454885
83039575669807
36125086919303
62014577494147
52187125122918
97336615921345
18815956952721
23774946784292
23398497669667
72455271527960
57665785352549
43097490688753
83748295651397
88761940389786
64846363229503
30667628503148
27626767246546
34691988933463
23957848854410
10285303080459
58729589927324
96579906901490
36835263941559
94224752747860
24352857763798
2262930221498
96272387243355
35538528681547
27142877154252
97454499765585
63047168795474
54072793365242
90797474644240
99291097115376
49807519130771
58892248801073
99694607306213
78240903430376
11823455585083
15453523420116
40548450320270
40291853139784
30728691839807
92274639698819
6874827745227
67420213325322
30613762295628
10446459024622
44695263094361
51745781293070
65343261210355
74382561932768
1683666469417
38300569718755
26315387653760
46534050386958
37027925987860
10687693028527
66784246224504
40253566003980
54353392646634
75430129804652
28799192205442
21866332022553
78714960669833
28910374729750
67449865945703
60709039679441
22310028073976
10091636645485
82535125657906
90679450702066
4255768457685
30361775372323
87373023361512
16769722369254
80064322669669
95430888693223
24090155772487
22988382472399
56054362340481
36851743129813
94419586388214
34202324261280
44285457266968
49369663920865
58304624506605
92168983819271
70442431685149
46771518529451
61468688931501
88959637281213
16744546321252
13305811544990
98997974785993
18200367265006
34107482789943
94001246742149
60566725440811
55773221104014
95389730011844
98061068804057
45621489060836
41383454498896
47352039726595
70771629845827
44605400765402
84278237424106
88236608966111
20430349214610
91338229076742
87159604933008
93083929602982
33135985708818
77513413137372
89797412781853
24903643770461
15031380086059
45476386366893
1178520683883
5454178799825
40677180115487
76655219175416
82545685336810
49220886899323
40810534365336
38976478755595
65549148313433
46137807791958
12926340405170
71838757348994
77630331776228
99670531838119
76957219861152
87381388951261
69854777719319
58098630739116
29560939596470
26327692980682
6385515687871
77051648830789
23506339294875
78145273651144
42112169418289
71529149447476
63390427929981
70163325351591
87986871170032
83053444988065
42708222345950
79957560877504
83589214122041
74517340746462
56323636522898
72985670210596
49182196731649
21310760831077
51726077421295
19127682640205
6685111396346
87260216182972
66903688070135
39579040983682
7559579116290
75610983315791
27384698285994
37947060552287
68918416283309
26985064868691
10377208676508
69730906969903
82373470875888
24210471200757
47239579713906
46969527967511
21653579185860
79876494882410
31645387451858
7702521095993
71508986023106
4408736271383
68361438091750
4735198526399
85534433980969
47353320954765
48552770019667
43377549387628
8184359824139
69308516421837
78894298694199
72988960730880
78846561024956
24522159771714
4696346942286
54504818077342
29784875651012
62775689511166
3094045290791
48563824441255
53150725422601
43714640443640
84545705497542
70788406508707
42977543432887
3564312431398
50814803500452
5154829770247
30314920571245
42174603914360
21113986772614
46148262905617
80086741704360
26813687864206
76003766803057
68618736968535
29845123975787
27443417959503
99348276546406
10325520570131
61594828094062
90459916625070
90307019102601
77095849130302
96430808648618
61993710179349
80801206675750
33875654783594
81778359935563
91870737533691
96229680336653
68063101143331
7019444860309
67154729987901
25487938398557
13495220197833
21482135791841
49152300677761
12541595020023
81108357191682
42366721556850
10552503593227
83699377656104
45757667061198
48015100119494
97267074717430
98365938431006
11267618210056
57194800162095
99503928305481
76792626546597
65197996553766
59442052955026
20875363570336
9120652106436
76026064750304
23952266319710
27600244633472
75059549975340
98802634069094
2602030990249
73605103887177
24876171986029
57161546691342
24078889929797
28562604025643
93820562816284
52696573281848
28445381890693
23339204758062
53118328313295
25861579768906
36870533923546
23836071354050
2201527881680
39043027683626
33000623841047
79404756455087
78369733866443
57367465916996
86421520876275
94854052606789
81202660674731
7248531780299
81931770670584
68480857933442
74661329823424
71965735528896
45932523623287
35522153489293
7919821489479
24973858487962
76350486048144
73619153528843
36204069700200
96032753125949
33173916747754
88288998763762
25805122743158
8396653879350
97370738314078
84896595664382
65200288056270
45195549879446
2764876009116
38510392440465
60669807523202
93716168662675
30811626195431
39169302590010
79846321564749
72536899264415
72359681380311
32102811450188
16160807279432
12879673284755
64121521678094
82383882719439
45633471763461
40560680266693
6223875799410
93162228615808
53857686476827
83369930591946
65680327108675
49659361877125
26307446849850
1142201636075
23532024061252
85405720200381
34293061158677
47246989438054
98281560171341
96927496324702
9289717654486
90201804895912
66801205023032
24930687996001
45200658093228
31495026874994
45934639400009
41288502568022
54855083865589
41157780307957
61641829156691
1735979170843
68008944206159
69578593365525
71136973733903
95425214955705
58015088195153
68815994114901
17842558216220
94985320423827
50703029176455
7766221415981
42520648536990
62933374600466
33412256291004
8793698504883
15966149493998
16845911094523
24403797708698
57940418793635
69374077016583
60775876770686
74885231150533
31302322292446
43535612751054
38620088346174
22193643687311
86872055842357
45479008720549
88719045476417
15187838678949
38183315378464
54261605497539
80501054595169
54027338988420
38053048722388
23776130131792
39449632547506
6567451149471
1806062203763
96767128688357
37149728031037
89690148790913
34055446858606
46420328017139
63271606974610
19748160399071
60652807933475
93187933043093
57265716649666
13361631693046
10066763523735
94526739578291
33081953262272
15496013450666
43062747019573
19606609887641
7088261418959
96832965846023
20943993656893
50412173748942
23741770912847
83904587157472
98758596132816
18392669388806
3379377879558
5780035119940
93261042855465
26736775389348
69241540446029
12312773616232
29825155608143
64051717162295
75529172021346
30604043903637
12183593116565
87857739578099
74776611603377
41673034291305
98560008416880
17667191926914
26245833195321
94318457090491
95420813010022
11292568095993
52216215708518
57583624311735
48044105775167
3156747725466
86963447298467
87872568471413
73757702212074
76047844825280
46086206631954
86132901459560
97598891577117
59078654662784
21680703602523
13669981797238
60014138342476
40049997067462
80544370814423
93687367620291
31694810796650
40436465576291
86115179455590
12330346017965
67201768636899
33854720790458
84256571627752
58699088238363
93452166254941
51667505425582
12826145325416
38827678578593
84358202228424
26040615675387
55064693661889
6789328081530
52330193686215
22031575617889
21356093658650
69431219265815
76668817461234
49331944452195
65101658875622
85650212865779
43122725805699
2348314185824
17039799742553
71130764343726
17240466223651
51867827333497
43973110625796
87252968204542
1220699483423
47513751483330
78604572811408
27022262380656
78795722287990
455229072806
68268683780403
20078265102735
19345105962834
91640948794650
67171189953615
21920624168940
73708035068868
55160957580191
99030332017077
4877541688403
16567184207833
9932010643265
17103106802702
10528951395586
75688975187653
81434136895891
14311386048137
9809627621819
78733635723796
93845169405075
23052238591347
86089156695126
90410615264397
47992616126377
78141817169313
15410830465610
68100152944879
32345459079248
59758658197347
84983402445388
8740173236262
60353914459140
66139867036120
9223022407857
17548004754562
42022192565146
7108484667598
64993619505710
50695703805333
73157394181617
97086274269183
45287179585733
9191641453212
34815174589396
68529434874431
68837318176200
83377998340409
58968941094947
22673133276710
1787384540915
86945552978974
42657334192779
78059656761253
55761007270231
44336029584165
47684018851415
31245076640694
76411156270305
94998517011756
2460421121936
20013806206110
18118371065893
8383202317887
73405638441324
52952153871528
66253582361798
48981068241414
72317345740279
21793461439488
68034906041417
95365686061253
6869652094938
83730632917537
36875086216073
25625854361487
54681997932991
41551348086993
7914226519207
60618275412308
90951315531377
9612629317271
83042126194264
17358713194961
59326930754893
6544500253611
20411492592436
87905134337442
15809788993238
51823566156952
31337205194807
19457842991373
18998201333908
29238198612620
25930156729898
28167530652139
43995978876545
97902154272344
12173879561730
56819472095900
31294699281582
99965881667184
41922697848626
77262558088941
